 0,:6 
 3421+6  , Pk
 3421+46<- 3421
qu<- 3421
qui